work0:0  time:1577262062.492111
work0:1  time:1577262063.492937
work1:10000  time:1577262064.493374
work0:2  time:1577262065.494266
work1:10001  time:1577262066.495064
work0:3  time:1577262067.495765
work1:10002  time:1577262068.496303
work0:4  time:1577262069.497241
